0,310
0,305
0,308
0,307
0,302
0,304
0,303
0,12
0,10
0,8
0,0
0,417
0,557
0,300
0,345
0,414
0,299
0,551
0,497
0,298
0,458
0,413
0,297
0,566
0,412
0,296
0,559
0,411
0,295
0,334
0,496
0,294
0,464
0,410
0,293
0,495
0,473
0,292
0,493
0,554
0,291
0,501
0,406
0,290
0,462
0,492
0,289
0,541
0,491
0,288
0,507
0,405
0,287
0,350
0,404
0,286
0,453
0,403
0,285
0,490
0,506
0,284
0,489
0,558
0,283
0,488
0,401
0,282
0,399
0,555
0,281
0,446
0,397
0,280
0,344
0,394
0,279
0,393
0,548
0,278
0,391
0,536
0,277
0,476
0,388
0,276
0,544
0,360
0,275
0,431
0,387
0,274
0,395
0,386
0,273
0,450
0,385
0,272
0,484
0,524
0,271
0,400
0,384
0,270
0,543
0,333
0,269
0,481
0,542
0,268
0,537
0,381
0,267
0,564
0,573
0,266
0,526
0,563
0,265
0,442
0,380
0,264
0,516
0,379
0,263
0,457
0,378
0,262
0,477
0,441
0,261
0,377
0,260
0,522
0,549
0,259
0,475
0,258
0,398
0,374
0,257
0,539
0,456
0,256
0,538
0,515
0,255
0,373
0,254
0,528
0,372
0,253
0,371
0,252
0,521
0,511
0,251
0,523
0,370
0,250
0,468
0,249
0,562
0,572
0,248
0,518
0,367
0,247
0,512
0,520
0,246
0,519
0,407
0,245
0,366
0,244
0,517
0,365
0,243
2,3
2,7
0,330
0,383
0,392
0,396
0,408
1,1
495,0
0,419
0,420
495,1
0,424
0,429
0,430
0,435
0,437
0,482
0,499
0,500
0,508
0,509
0,547
0,550
2,4
2,6
3,0
3,3
492,0
492,2
494,0
494,1
494,3
495,2
496,0
496,1
496,3
497,1
497,2
498,0
498,1
498,3
499,0
499,1
499,3
500,0
500,2
500,4
501,0
501,2
501,3
502,0
502,1
502,3
504,0
504,1
504,3
504,4
506,1
506,3
506,4
509,1
509,2
509,4
512,0
512,2
512,4
512,5
512,7
512,8
514,0
514,2
514,3
515,0
515,1
515,3
516,0
516,2
517,0
517,1
517,3
518,0
518,2
519,0
519,1
519,3
525,0
525,2
525,4
525,5
525,7
525,8
525,6
525,3
525,1
519,2
518,3
518,1
517,2
516,3
516,1
515,2
514,4
514,1
512,9
512,6
512,3
512,1
509,3
509,0
506,2
506,0
504,2
502,4
502,2
501,4
501,1
500,3
500,1
499,2
498,4
498,2
497,3
497,0
496,2
495,4
494,2
492,3
492,1
3,1
2,5
2,2
0,525
0,502
0,494
0,480
0,433
495,5
0,421
495,3
0,416
1,3
1,0
2,1
0,322
0,318
2,0
0,9
0,242
0,452
0,364
0,241
0,569
0,363
0,240
0,553
0,382
0,239
0,390
0,362
0,238
0,461
0,568
0,237
0,535
0,369
0,236
0,470
0,359
0,235
0,534
0,567
0,234
0,448
0,460
0,233
0,361
0,358
0,232
0,376
0,357
0,231
0,479
0,356
0,230
0,463
0,355
0,229
0,485
0,354
0,228
0,353
0,227
0,533
0,329
0,226
0,483
0,352
0,225
0,455
0,514
0,224
0,552
0,436
0,223
0,478
0,349
0,222
0,454
0,221
0,532
0,560
0,220
0,348
0,219
0,418
0,347
0,218
0,472
0,346
0,217
0,565
0,449
0,216
0,451
0,319
0,215
0,469
0,343
0,214
0,467
0,342
0,213
0,415
0,341
0,212
0,445
0,340
0,211
0,556
0,339
0,210
0,338
0,209
0,434
0,337
0,208
0,510
0,336
0,207
0,447
0,432
0,206
0,465
0,335
0,205
0,444
0,204
0,443
0,575
0,203
0,351
0,332
0,202
0,440
0,201
0,561
0,545
0,200
0,546
0,331
0,199
0,439
0,198
0,438
0,423
0,197
0,328
0,196
0,531
0,504
0,195
0,530
0,194
0,402
0,327
0,193
0,368
0,326
0,192
0,474
0,325
0,63
0,324
0,62
0,375
0,323
0,61
0,498
0,321
0,60
0,505
0,428
0,59
0,409
0,320
0,58
0,540
0,427
0,57
0,426
0,487
0,56
0,574
0,317
0,55
0,486
0,529
0,54
0,422
0,425
0,53
0,571
0,316
0,52
0,471
0,315
0,51
0,459
0,314
0,50
0,466
0,313
0,49
0,513
0,312
0,48
0,527
0,311
0,47
0,389
0,309
0,46
0,503
0,306
0,45
0,570
0,301
0,6
0,5
0,1
0,11
0,4
0,2
0,3
0,7
